
Bad Monomial Ideals
['x1*x2']

Good Monomial Ideals
[]
['x1']
['x2']
['x1*x2', 'x2']
['x1', 'x1*x2']
['x1', 'x2']
['x1', 'x1*x2', 'x2']

Good Inputs
[[0, 0], [1, 0]]
[[0, 0], [0, 1]]
[[1, 0], [1, 1]]
[[0, 1], [1, 1]]
[[0, 0], [1, 0], [0, 1]]
[[0, 0], [1, 0], [1, 1]]
[[0, 0], [0, 1], [1, 1]]
[[1, 0], [0, 1], [1, 1]]
[[0, 0], [1, 0], [0, 1], [1, 1]]

Good Inputs + Monomials
[[[0, 0], 0], [[1, 0], 0]] --> []
[[[0, 0], 0], [[1, 0], 1]] --> ['x1']
[[[0, 0], 0], [[0, 1], 0]] --> []
[[[0, 0], 0], [[0, 1], 1]] --> ['x2']
[[[1, 0], 0], [[1, 1], 0]] --> []
[[[1, 0], 0], [[1, 1], 1]] --> ['x2']
[[[0, 1], 0], [[1, 1], 0]] --> []
[[[0, 1], 0], [[1, 1], 1]] --> ['x1']
[[[0, 0], 0], [[1, 0], 0], [[0, 1], 0]] --> []
[[[0, 0], 0], [[1, 0], 0], [[0, 1], 1]] --> ['x1*x2', 'x2']
[[[0, 0], 0], [[1, 0], 0], [[1, 1], 0]] --> []
[[[0, 0], 0], [[1, 0], 0], [[1, 1], 1]] --> ['x1*x2', 'x2']
[[[0, 0], 0], [[1, 0], 1], [[0, 1], 0]] --> ['x1', 'x1*x2']
[[[0, 0], 0], [[1, 0], 1], [[0, 1], 1]] --> ['x1', 'x2']
[[[0, 0], 0], [[1, 0], 1], [[1, 1], 0]] --> ['x1', 'x2']
[[[0, 0], 0], [[1, 0], 1], [[1, 1], 1]] --> ['x1', 'x1*x2']
[[[0, 0], 0], [[0, 1], 0], [[1, 1], 0]] --> []
[[[0, 0], 0], [[0, 1], 0], [[1, 1], 1]] --> ['x1', 'x1*x2']
[[[0, 0], 0], [[0, 1], 1], [[1, 1], 0]] --> ['x1', 'x2']
[[[0, 0], 0], [[0, 1], 1], [[1, 1], 1]] --> ['x1*x2', 'x2']
[[[1, 0], 0], [[0, 1], 0], [[1, 1], 0]] --> []
[[[1, 0], 0], [[0, 1], 0], [[1, 1], 1]] --> ['x1', 'x2']
[[[1, 0], 0], [[0, 1], 1], [[1, 1], 0]] --> ['x1', 'x1*x2']
[[[1, 0], 0], [[0, 1], 1], [[1, 1], 1]] --> ['x1*x2', 'x2']
[[[0, 0], 0], [[1, 0], 0], [[0, 1], 0], [[1, 1], 0]] --> []
[[[0, 0], 0], [[1, 0], 0], [[0, 1], 0], [[1, 1], 1]] --> ['x1', 'x1*x2', 'x2']
[[[0, 0], 0], [[1, 0], 0], [[0, 1], 1], [[1, 1], 0]] --> ['x1', 'x1*x2', 'x2']
[[[0, 0], 0], [[1, 0], 0], [[0, 1], 1], [[1, 1], 1]] --> ['x1*x2', 'x2']
[[[0, 0], 0], [[1, 0], 1], [[0, 1], 0], [[1, 1], 0]] --> ['x1', 'x1*x2', 'x2']
[[[0, 0], 0], [[1, 0], 1], [[0, 1], 0], [[1, 1], 1]] --> ['x1', 'x1*x2']
[[[0, 0], 0], [[1, 0], 1], [[0, 1], 1], [[1, 1], 0]] --> ['x1', 'x2']
[[[0, 0], 0], [[1, 0], 1], [[0, 1], 1], [[1, 1], 1]] --> ['x1', 'x1*x2', 'x2']
